image: /home/vision/map.pgm
resolution: 0.050000
origin: [-5.302968, -8.298294, 0.000000]
negate: 0
occupied_thresh: 0.65
free_thresh: 0.196

