image: /home/vision/map.pgm
resolution: 0.050000
origin: [-3.596375, -4.119478, 0.000000]
negate: 0
occupied_thresh: 0.65
free_thresh: 0.196

